xbarnumber:972
area:0.000146165
energy:0.000411449
latency:0.00214266
power:116.061
accuracy:0
area_multi:0.000139377
power_multi:38.8183
latency_multi:0.00187265
read_sep:128
adposition:1
bit_level:8
adderposition:1
pulseposition:0
linetech:90
celltype:1
xbarsize:256
